12:13:12 12/11/16 CST
Epoch:1 train error rate:6.60729
Epoch:1 train time:1.96839594841 s
